0.973	0.911	0.614	0.488	0.260	0.146
0.956	0.732	0.373	0.098	0.034	0.014
0.913	0.666	0.401	0.109	0.035	0.015
0.942	0.677	0.266	0.194	0.089	0.051
0.870	0.282	0.079	0.043	0.016	0.008
0.787	0.256	0.111	0.022	0.008	0.004
0.648	0.184	0.067	0.015	0.006	0.003
0.390	0.026	0.008	0.004	0.002	0.001
0.610	0.049	0.015	0.006	0.002	0.001
0.352	0.068	0.017	0.004	0.001	0.001
0.973	0.046	0.014	0.004	0.002	0.001
0.130	0.019	0.005	0.002	0.001	0.000
0.058	0.023	0.005	0.002	0.001	0.001
0.087	0.032	0.008	0.002	0.001	0.001
0.044	0.016	0.009	0.002	0.001	0.000
0.027	0.014	0.008	0.006	0.004	0.002
0.027	0.882	0.682	0.223	0.097	0.047
0.979	0.912	0.810	0.620	0.387	0.224
0.213	0.522	0.079	0.033	0.011	0.004
0.899	0.429	0.118	0.028	0.010	0.004
0.847	0.497	0.135	0.030	0.010	0.004
0.874	0.260	0.040	0.017	0.005	0.003
0.529	0.036	0.015	0.005	0.002	0.001
0.517	0.034	0.013	0.004	0.001	0.001
0.356	0.073	0.031	0.008	0.004	0.001
0.645	0.041	0.020	0.009	0.004	0.002
0.483	0.192	0.025	0.011	0.004	0.002
0.471	0.035	0.007	0.003	0.001	0.001
0.126	0.039	0.006	0.002	0.001	0.000
0.153	0.025	0.004	0.002	0.001	0.000
0.101	0.011	0.008	0.002	0.001	0.001
0.021	0.012	0.007	0.005	0.004	0.001
0.983	0.911	0.802	0.669	0.496	0.249
0.966	0.777	0.471	0.120	0.065	0.025
0.924	0.573	0.285	0.058	0.025	0.009
0.803	0.367	0.050	0.024	0.010	0.004
0.851	0.544	0.086	0.050	0.023	0.009
0.691	0.298	0.124	0.022	0.010	0.005
0.608	0.149	0.058	0.010	0.004	0.002
0.284	0.017	0.007	0.003	0.001	0.001
0.716	0.064	0.038	0.022	0.013	0.008
0.392	0.061	0.015	0.003	0.001	0.001
0.309	0.109	0.036	0.007	0.003	0.002
0.149	0.037	0.004	0.001	0.001	0.000
0.197	0.053	0.007	0.003	0.001	0.001
0.076	0.020	0.004	0.001	0.001	0.000
0.034	0.014	0.008	0.002	0.001	0.000
0.017	0.009	0.006	0.005	0.003	0.001
0.978	0.851	0.498	0.226	0.074	0.035
0.975	0.893	0.646	0.420	0.159	0.061
0.929	0.667	0.234	0.127	0.034	0.011
0.924	0.619	0.325	0.140	0.051	0.022
0.801	0.321	0.117	0.029	0.007	0.003
0.676	0.224	0.059	0.019	0.005	0.003
0.418	0.042	0.015	0.004	0.001	0.001
0.462	0.065	0.021	0.005	0.001	0.001
0.538	0.075	0.021	0.006	0.002	0.001
0.583	0.053	0.018	0.005	0.001	0.001
0.324	0.085	0.015	0.005	0.001	0.001
0.199	0.039	0.008	0.003	0.001	0.001
0.076	0.021	0.004	0.001	0.001	0.000
0.071	0.024	0.005	0.002	0.001	0.001
0.026	0.013	0.008	0.002	0.001	0.000
0.022	0.010	0.006	0.005	0.002	0.001