0.98468028	0.90607491	0.60726261	0.43516259	0.25826056	0.1487948
0.94127341	0.59532198	0.29425898	0.09868511	0.04220385	0.01803381
0.84810393	0.63096464	0.39903223	0.16187002	0.07450766	0.03401583
0.92530662	0.61058029	0.25196916	0.15916753	0.08494926	0.04436428
0.87683343	0.35794705	0.10999712	0.05790886	0.025747	0.0113931
0.6621377	0.22555949	0.10159822	0.02657896	0.00939384	0.00338351
0.62883547	0.27120281	0.10948081	0.02892077	0.01061207	0.00395284
0.37799129	0.02758362	0.00618629	0.00185258	0.00053992	0.00016357
0.62200871	0.0630388	0.020679	0.00847699	0.00239651	0.00070642
0.37116453	0.12546356	0.04767579	0.01175459	0.00354404	0.00110694
0.3378623	0.08047189	0.02693656	0.00502492	0.001283	0.00034497
0.12316657	0.01629048	0.00164411	0.00036721	7.22E-05	1.53E-05
0.07469338	0.01518218	0.00198296	0.00055142	9.86E-05	1.91E-05
0.15189607	0.06300398	0.02019563	0.00359288	0.00126815	0.00045622
0.05872659	0.00801166	0.00082179	5.07E-05	6.02E-06	8.00E-07
0.01531972	0.00330268	0.00027874	3.48E-05	4.07E-06	5.30E-07
0.98257765	0.80380925	0.51767831	0.30355732	0.17230512	0.097865
0.9485191	0.77629788	0.59476162	0.33937835	0.17278542	0.08906762
0.87009917	0.4955672	0.15469945	0.05296992	0.02033589	0.00817728
0.84070229	0.40173385	0.14743067	0.06397299	0.02510869	0.01029412
0.8419116	0.51862565	0.24470148	0.12956658	0.05805646	0.02673806
0.39818101	0.1714058	0.05331916	0.01819683	0.00630813	0.00231903
0.52355784	0.11287306	0.05315441	0.01567429	0.00449541	0.00139802
0.33060551	0.04701794	0.01374853	0.00382012	0.00119691	0.00040251
0.66939449	0.14723674	0.06305958	0.02494155	0.00842719	0.00302888
0.47644216	0.09734414	0.04430409	0.01255474	0.00360305	0.00112115
0.60181899	0.30534		0.09376385	0.03161595	0.01167834	0.00453956
0.1580884	0.04770128	0.00826443	0.00191855	0.00048303	0.00013378
0.15929771	0.03193922	0.0050085	0.00106553	0.00021057	4.69E-05
0.12990083	0.027687	0.00311017	0.00039728	6.53E-05	1.23E-05
0.0514809	0.01348492	0.00288726	0.00036377	5.34E-05	9.06E-06
0.01742235	0.00193607	0.00010849	6.24E-06	3.50E-07	2.00E-08
0.99027066	0.86031066	0.67910561	0.44709471	0.3172892	0.18973571
0.96293972	0.76701243	0.46574837	0.21967459	0.13072598	0.06325194
0.85764429	0.35429225	0.13851633	0.04842663	0.0249808	0.01030045
0.85542774	0.47614677	0.1086855	0.03935962	0.01875171	0.00709542
0.79464229	0.42966905	0.13410495	0.06203517	0.03142859	0.01270683
0.49548547	0.30955889	0.14332392	0.05879395	0.03547363	0.01743928
0.72194021	0.18532737	0.08754145	0.03145337	0.01553375	0.00610931
0.36337233	0.03928262	0.01515909	0.00409083	0.00152198	0.00044487
0.63662767	0.09951278	0.0528118	0.02052818	0.00915915	0.00323262
0.27805979	0.04054921	0.00916799	0.00160281	0.00043155	9.10E-05
0.50451453	0.31682301	0.15200108	0.06451751	0.03853899	0.0187284
0.20535771	0.06034051	0.00741602	0.00158046	0.00045307	0.00010175
0.14457226	0.03384366	0.00262335	0.00036637	7.96E-05	1.36E-05
0.14235571	0.01932585	0.00266239	0.00034988	7.17E-05	1.15E-05
0.03706028	0.00711099	0.00103846	0.00011948	2.17E-05	3.09E-06
0.00972934	0.00089393	9.37E-05	6.45E-06	5.90E-07	4.00E-08
0.98086401	0.72466814	0.44096311	0.22690979	0.07181785	0.0255757
0.95858319	0.82132961	0.53341957	0.31965415	0.14186316	0.06768122
0.88231513	0.5494919	0.24167014	0.12411124	0.05194916	0.02356602
0.84597916	0.54298653	0.26224021	0.12099552	0.04309055	0.01700213
0.61274924	0.27071246	0.13086959	0.06043704	0.02364048	0.01011586
0.70010916	0.32721314	0.12683644	0.05880235	0.02116919	0.00843128
0.26556296	0.02682859	0.00814584	0.00234177	0.0003369	5.92E-05
0.39351391	0.09242693	0.03539732	0.01113355	0.00258313	0.00069971
0.60648609	0.18142641	0.08343633	0.03171214	0.00915627	0.00300908
0.73443704	0.13989595	0.05707852	0.02168215	0.00560448	0.00167085
0.29989084	0.09516434	0.02507946	0.00842209	0.00183481	0.00046984
0.38725076	0.13930259	0.03693233	0.0097853	0.00190298	0.00044004
0.15402084	0.04699842	0.01006006	0.00218584	0.00036303	7.27E-05
0.11768487	0.02813062	0.00456128	0.00099935	0.00013909	2.37E-05
0.04141681	0.01194585	0.00320875	0.00082202	8.67E-05	1.14E-05
0.01913599	0.00147852	0.00010105	5.69E-06	2.40E-07	1.00E-08